5.006012024048096313e+11
5.026052104208417358e+11
5.046092184368737793e+11
5.066132264529058228e+11
5.086172344689378662e+11
5.106212424849699097e+11
5.126252505010020142e+11
5.146292585170340576e+11
5.166332665330661621e+11
5.186372745490982056e+11
5.206412825651303101e+11
5.226452905811624146e+11
5.246492985971945190e+11
5.266533066132265625e+11
5.286573146292586060e+11
5.306613226452906494e+11
5.326653306613226929e+11
5.346693386773547363e+11
5.366733466933868408e+11
5.386773547094188843e+11
5.406813627254509277e+11
5.426853707414830933e+11
5.446893787575151367e+11
5.466933867735471802e+11
5.486973947895792236e+11
5.507014028056113281e+11
5.527054108216433105e+11
5.547094188376754150e+11
5.567134268537073975e+11
5.587174348697395020e+11
5.607214428857716064e+11
5.627254509018037109e+11
5.647294589178356934e+11
5.667334669338677979e+11
5.687374749498999023e+11
5.707414829659318848e+11
5.727454909819639893e+11
5.747494989979959717e+11
5.767535070140280762e+11
5.787575150300601807e+11
5.807615230460922852e+11
5.827655310621242676e+11
5.847695390781563721e+11
5.867735470941884766e+11
5.887775551102204590e+11
5.907815631262525635e+11
5.927855711422846680e+11
5.947895791583166504e+11
5.967935871743486328e+11
5.987975951903808594e+11
6.008016032064128418e+11
6.028056112224449463e+11
6.048096192384769287e+11
6.068136272545090332e+11
6.088176352705412598e+11
6.108216432865731201e+11
6.128256513026052246e+11
6.148296593186373291e+11
6.168336673346694336e+11
6.188376753507014160e+11
6.208416833667333984e+11
6.228456913827656250e+11
6.248496993987977295e+11
6.268537074148297119e+11
6.288577154308616943e+11
6.308617234468937988e+11
6.328657314629259033e+11
6.348697394789580078e+11
6.368737474949898682e+11
6.388777555110220947e+11
6.408817635270541992e+11
6.428857715430861816e+11
6.448897795591182861e+11
6.468937875751502686e+11
6.488977955911824951e+11
6.509018036072145996e+11
6.529058116232465820e+11
6.549098196392785645e+11
6.569138276553106689e+11
6.589178356713427734e+11
6.609218436873748779e+11
6.629258517034068604e+11
6.649298597194389648e+11
6.669338677354710693e+11
6.689378757515030518e+11
6.709418837675351562e+11
6.729458917835671387e+11
6.749498997995993652e+11
6.769539078156312256e+11
6.789579158316633301e+11
6.809619238476954346e+11
6.829659318637275391e+11
6.849699398797596436e+11
6.869739478957915039e+11
6.889779559118237305e+11
6.909819639278558350e+11
6.929859719438878174e+11
6.949899799599197998e+11
6.969939879759520264e+11
6.989979959919840088e+11
7.010020040080161133e+11
7.030060120240480957e+11
7.050100200400802002e+11
7.070140280561124268e+11
7.090180360721442871e+11
7.110220440881763916e+11
7.130260521042083740e+11
7.150300601202406006e+11
7.170340681362725830e+11
7.190380761523045654e+11
7.210420841683367920e+11
7.230460921843688965e+11
7.250501002004008789e+11
7.270541082164328613e+11
7.290581162324649658e+11
7.310621242484970703e+11
7.330661322645291748e+11
7.350701402805610352e+11
7.370741482965932617e+11
7.390781563126253662e+11
7.410821643286573486e+11
7.430861723446894531e+11
7.450901803607214355e+11
7.470941883767536621e+11
7.490981963927855225e+11
7.511022044088176270e+11
7.531062124248497314e+11
7.551102204408818359e+11
7.571142284569138184e+11
7.591182364729458008e+11
7.611222444889780273e+11
7.631262525050101318e+11
7.651302605210421143e+11
7.671342685370740967e+11
7.691382765531063232e+11
7.711422845691383057e+11
7.731462925851704102e+11
7.751503006012022705e+11
7.771543086172344971e+11
7.791583166332667236e+11
7.811623246492987061e+11
7.831663326653308105e+11
7.851703406813626709e+11
7.871743486973948975e+11
7.891783567134268799e+11
7.911823647294589844e+11
7.931863727454909668e+11
7.951903807615231934e+11
7.971943887775551758e+11
7.991983967935872803e+11
8.012024048096192627e+11
8.032064128256513672e+11
8.052104208416834717e+11
8.072144288577154541e+11
8.092184368737475586e+11
8.112224448897795410e+11
8.132264529058116455e+11
8.152304609218437500e+11
8.172344689378757324e+11
8.192384769539079590e+11
8.212424849699398193e+11
8.232464929859720459e+11
8.252505010020040283e+11
8.272545090180361328e+11
8.292585170340681152e+11
8.312625250501003418e+11
8.332665330661322021e+11
8.352705410821644287e+11
8.372745490981964111e+11
8.392785571142285156e+11
8.412825651302606201e+11
8.432865731462926025e+11
8.452905811623248291e+11
8.472945891783566895e+11
8.492985971943889160e+11
8.513026052104208984e+11
8.533066132264530029e+11
8.553106212424851074e+11
8.573146292585172119e+11
8.593186372745491943e+11
8.613226452905812988e+11
8.633266533066132812e+11
8.653306613226453857e+11
8.673346693386774902e+11
8.693386773547094727e+11
8.713426853707415771e+11
8.733466933867735596e+11
8.753507014028056641e+11
8.773547094188378906e+11
8.793587174348697510e+11
8.813627254509019775e+11
8.833667334669338379e+11
8.853707414829660645e+11
8.873747494989980469e+11
8.893787575150301514e+11
8.913827655310621338e+11
8.933867735470943604e+11
8.953907815631263428e+11
8.973947895791584473e+11
8.993987975951904297e+11
9.014028056112225342e+11
9.034068136272546387e+11
9.054108216432866211e+11
9.074148296593187256e+11
9.094188376753507080e+11
9.114228456913828125e+11
9.134268537074149170e+11
9.154308617234468994e+11
9.174348697394791260e+11
9.194388777555109863e+11
9.214428857715432129e+11
9.234468937875751953e+11
9.254509018036072998e+11
9.274549098196392822e+11
9.294589178356715088e+11
9.314629258517034912e+11
9.334669338677355957e+11
9.354709418837675781e+11
9.374749498997996826e+11
9.394789579158316650e+11
9.414829659318637695e+11
9.434869739478958740e+11
9.454909819639278564e+11
9.474949899799599609e+11
9.494989979959920654e+11
9.515030060120240479e+11
9.535070140280562744e+11
9.555110220440881348e+11
9.575150300601203613e+11
9.595190380761523438e+11
9.615230460921844482e+11
9.635270541082164307e+11
9.655310621242485352e+11
9.675350701402805176e+11
9.695390781563127441e+11
9.715430861723448486e+11
9.735470941883768311e+11
9.755511022044090576e+11
9.775551102204409180e+11
9.795591182364731445e+11
9.815631262525050049e+11
9.835671342685372314e+11
9.855711422845692139e+11
9.875751503006013184e+11
9.895791583166333008e+11
9.915831663326654053e+11
9.935871743486975098e+11
9.955911823647296143e+11
9.975951903807615967e+11
9.995991983967937012e+11
